2.689307797949478829e+00 2.765035771952911947e+00
3.051597378793173831e+00 3.943459770064907666e+00
1.251517227194744120e+00 2.591276594640728348e+00
4.103952900907594348e+00 2.538830227670638706e+00
2.140657078716688755e+00 2.261620550222803061e+00
3.370838918020708785e+00 1.910901867824210454e+00
1.522353306918109883e+00 2.082301413672725143e+00
4.976063947742309423e+00 1.880334528369511649e+00
1.983027959417371644e+00 3.066850861107643489e+00
8.846943192676803847e-01 1.576922010874773683e+00
2.245709341044816565e+00 2.310923356179908073e+00
1.813399335210874819e+00 2.111125954379259095e+00
3.967324915867813218e+00 2.719458410916404834e+00
1.223014109807857741e+00 1.981193232233430024e+00
2.103696982783200387e+00 1.525930463215869448e+00
3.768655938008796724e+00 3.745062713804754306e+00
3.761571655455560048e+00 3.333473248454397186e+00
2.351834691926127707e+00 3.467926209454168962e+00
3.081708626141301810e+00 2.181913229091681394e+00
2.034358893053835882e+00 2.969491455033062888e+00