6.458112421035069328e-01 1.180796683895142946e-01
-1.465126216973632323e+00 -1.505372040577762860e+00
3.852277251498221200e-01 -4.276632089000974579e-01
1.118311272807386736e+00 3.350554216210764324e-01
-5.041046413024563751e-03 -2.600421661039901133e-01
-2.551874454166183637e-01 -1.018367834744934308e-01
-1.169421505529970817e+00 2.736303743505488772e-01
5.865174036792554224e-01 1.699289157978065706e-02
-7.449112265947344103e-01 1.855591427892124556e-01
-7.342824453212427604e-01 4.170418177059029285e-01
6.993039386172600347e-01 2.289914675963637958e-01
2.005591480550324768e+00 7.529548249779431657e-02
-1.249571071296697644e+00 1.018179343788470526e+00
6.037973052640653593e-02 -5.949408491418525236e-01
6.222138798770050494e-01 -1.026030562287065573e+00
1.097003113654074213e-01 -5.531465605203346181e-01
1.069312290881405447e+00 -5.309783231128497594e-01
-8.242369229785727613e-01 1.527913267175647460e+00
1.345827271125989766e+00 -1.299966491144682434e+00
3.623948790184646773e-01 2.082505934322505248e-01