-6.458112421035069328e-01 -1.180796683895142946e-01 -1
1.465126216973632323e+00 1.505372040577762860e+00 -1
-3.852277251498221200e-01 4.276632089000974579e-01 -1
-1.118311272807386736e+00 -3.350554216210764324e-01 -1
5.041046413024563751e-03 2.600421661039901133e-01 -1
2.551874454166183637e-01 1.018367834744934308e-01 -1
1.169421505529970817e+00 -2.736303743505488772e-01 -1
-5.865174036792554224e-01 -1.699289157978065706e-02 -1
7.449112265947344103e-01 -1.855591427892124556e-01 -1
7.342824453212427604e-01 -4.170418177059029285e-01 -1
-6.993039386172600347e-01 -2.289914675963637958e-01 -1
-2.005591480550324768e+00 -7.529548249779431657e-02 -1
1.249571071296697644e+00 -1.018179343788470526e+00 -1
-6.037973052640653593e-02 5.949408491418525236e-01 -1
-6.222138798770050494e-01 1.026030562287065573e+00 -1
-1.097003113654074213e-01 5.531465605203346181e-01 -1
-1.069312290881405447e+00 5.309783231128497594e-01 -1
8.242369229785727613e-01 -1.527913267175647460e+00 -1
-1.345827271125989766e+00 1.299966491144682434e+00 -1
-3.623948790184646773e-01 -2.082505934322505248e-01 -1
2.689307797949478829e+00 2.765035771952911947e+00 1
3.051597378793173831e+00 3.943459770064907666e+00 1
1.251517227194744120e+00 2.591276594640728348e+00 1
4.103952900907594348e+00 2.538830227670638706e+00 1
2.140657078716688755e+00 2.261620550222803061e+00 1
3.370838918020708785e+00 1.910901867824210454e+00 1
1.522353306918109883e+00 2.082301413672725143e+00 1
4.976063947742309423e+00 1.880334528369511649e+00 1
1.983027959417371644e+00 3.066850861107643489e+00 1
8.846943192676803847e-01 1.576922010874773683e+00 1
2.245709341044816565e+00 2.310923356179908073e+00 1
1.813399335210874819e+00 2.111125954379259095e+00 1
3.967324915867813218e+00 2.719458410916404834e+00 1
1.223014109807857741e+00 1.981193232233430024e+00 1
2.103696982783200387e+00 1.525930463215869448e+00 1
3.768655938008796724e+00 3.745062713804754306e+00 1
3.761571655455560048e+00 3.333473248454397186e+00 1
2.351834691926127707e+00 3.467926209454168962e+00 1
3.081708626141301810e+00 2.181913229091681394e+00 1
2.034358893053835882e+00 2.969491455033062888e+00 1